1.6567277415358008 -4.620019765210388  
-0.7280344375414121 3.1638168693415656  
1.0205873871175335 -1.1513764934205915  
0.4389727380410031 3.5838873442974526  
-4.794487826105333 -4.4720975970633186  
-2.673080437634986 -2.691365251856474  
2.085266015709748 0.009246995711192696  
1.7611578842906708 3.7388814627066465  
-3.3328847188232373 3.805740295464669  
-1.4480367838054282 4.999084081850023  
-2.6180686984193553 -1.3605491504032923  
-2.7228356624155072 2.962229483955043  
-1.606515373816344 -1.3713404911033469  
-1.0015075954609962 -3.919595459198481  
-4.771509161587055 1.9590385754992576  
-1.5617876782017435 4.110104031541986  
-1.9610304092796786 -3.8071482884607906  
-3.9673976266024953 -4.568665171060011  
0.37848227233898246 -2.4997688519180623  
3.3688389919495885 -1.250416164427305  
2.8638079486208783 -0.7334008613560457  
-4.758144812381271 -3.9402917094031036  
1.6236214343725512 -0.6597055065190522  
-0.8622706950026497 -2.1991874032466026  
-3.634263366996669 4.834464840236072  
4.600172121394709 4.061174370232945  
-0.7355240547086339 0.48729128867985416  
4.826670592982734 -0.5777180725821403  
-0.08027111773641415 3.9146050534750705  
-1.8291480408494816 3.4810440612923736  
-3.5107356396765876 -3.5810422604154883  
0.7176330516324994 -4.22076072859643  
-3.9741452005223836 1.5892112484760306  
-1.9722875963767366 0.3192599598877628  
4.140780196197935 1.574705734169524  
1.0779741232308702 0.015221742742851596  
4.56526850154335 -4.311927655177145  
-4.445641307474017 0.27849310305722863  
-1.7285594735554084 3.640749279335192  
-1.8962300212981926 -4.613285885300947  
1.8643180534977537 -1.514734055301194  
-0.95842421864337 2.6953624007914048  
-2.2735405206771486 -2.411642627393403  
-1.3387313555193385 -2.199068482356605  
-0.4332162705470246 4.008971139802381  
-4.697154476540352 3.4947815118601975  
1.4751477738500673 -1.774769995210661  
-0.8535282824797772 -4.523271794645652  
-1.2857624850526008 0.6844098306252056  
4.707990164006756 2.567428591166963  
-0.9896640419777407 4.26000089429854  
2.342838832540439 3.0486305831228355  
-2.205469310847482 -1.5300908084461162  
1.994939230249562 3.2903429194266964  
3.455923629105219 2.0798638781574708  
-1.6028826764759199 -1.0460045242245792  
0.5584046142559087 1.246092449254368  
0.019621821356142988 4.710644682129309  
-1.85744701326455 -2.3986748892025536  
-1.5667016610955034 -1.2167070265920903  
2.684227221706327 1.138193125500968  
2.2439855763511876 -0.2876190832367467  
-2.8285922982884983 -4.56591979182024  
-3.1553044799497023 -2.406484785588698  
0.3708537558687377 2.3314940372747746  
3.3621373807228254 -4.953502976687635  
3.2061370533880718 0.7580156654953463  
-3.135848606515667 -1.9752903956509078  
5.058614646245043 2.579892385103177  
4.984612507085852 -0.016068559868962495  
-3.54709589397099 -1.0066639489247837  
1.0523670523841524 -4.540364229668649  
-0.16157558512234882 -3.7124113633501703  
-4.619233588768914 4.591836923789711  
-0.8114394526803315 4.023816533649199  
4.0243566919859175 -1.1734495285095283  
0.9490206699012029 4.163900917996481  
-1.5607078594527697 1.9129259587018534  
-3.483055863481204 2.053179117534306  
-3.425971703515164 4.365115111273345  
1.2023235060441904 3.891205747677758  
2.6068637559545422 -1.7520584774000065  
-1.646696096849423 -0.3854056445853731  
3.1568883036507662 -4.1645716826058745  
4.816922455697148 -2.793999811662899  
2.964903154878715 -0.7387470538035981  
-2.283151795516369 -2.3066907215936157  
3.1708723839854676 -3.9898148220886336  
-2.9403117459018278 0.7930936515776139  
3.0444727563407428 3.149576490923102  
2.811418875348945 3.2023986591394165  
-1.3647005260053753 2.2899594194640995  
1.855508246212394 -3.287079307527282  
-0.38070650437226483 3.953821222320264  
-4.745710598580477 -2.9483577451026632  
1.907952649986104 0.2416127864187434  
4.205148573489981 3.5219815797254155  
-3.2431129961949896 0.414059116322095  
-2.9469101845538956 -4.350473709043211  
-3.879716094326393 -4.580172627096206  
